[38;2;0;0;0m╭[38;2;5;5;5m─[38;2;11;11;11m─[38;2;16;16;16m─[38;2;19;19;19m─[38;2;23;23;23m─[38;2;26;26;26m─[38;2;29;29;29m─[38;2;32;32;32m─[38;2;35;35;35m─[38;2;39;39;39m─[38;2;42;42;42m─[38;2;45;45;45m─[38;2;49;49;49m─[38;2;52;52;52m─[38;2;56;56;56m─[38;2;56;56;56m─[38;2;52;52;52m─[38;2;49;49;49m─[38;2;45;45;45m─[38;2;42;42;42m─[38;2;39;39;39m─[38;2;35;35;35m─[38;2;32;32;32m─[38;2;29;29;29m─[38;2;26;26;26m─[38;2;23;23;23m─[38;2;19;19;19m─[38;2;16;16;16m─[38;2;11;11;11m─[38;2;5;5;5m─[38;2;0;0;0m─[38;2;0;0;0m─[38;2;6;6;6m─[38;2;12;12;12m─[38;2;17;17;17m─[38;2;20;20;20m─[38;2;24;24;24m─[38;2;27;27;27m─[38;2;31;31;31m─[38;2;34;34;34m─[38;2;38;38;38m─[38;2;41;41;41m╮[m
[38;2;0;0;0m│[m 🥊 lefthook  v2.1.9   hook:  [1mpre-commit[m [38;2;52;52;52m│[m
[38;2;6;6;6m╰[38;2;12;12;12m─[38;2;17;17;17m─[38;2;20;20;20m─[38;2;24;24;24m─[38;2;27;27;27m─[38;2;31;31;31m─[38;2;34;34;34m─[38;2;38;38;38m─[38;2;41;41;41m─[38;2;45;45;45m─[38;2;48;48;48m─[38;2;52;52;52m─[38;2;56;56;56m─[38;2;56;56;56m─[38;2;52;52;52m─[38;2;48;48;48m─[38;2;45;45;45m─[38;2;41;41;41m─[38;2;38;38;38m─[38;2;34;34;34m─[38;2;31;31;31m─[38;2;27;27;27m─[38;2;24;24;24m─[38;2;20;20;20m─[38;2;17;17;17m─[38;2;12;12;12m─[38;2;6;6;6m─[38;2;0;0;0m─[38;2;0;0;0m─[38;2;6;6;6m─[38;2;12;12;12m─[38;2;17;17;17m─[38;2;20;20;20m─[38;2;24;24;24m─[38;2;27;27;27m─[38;2;31;31;31m─[38;2;34;34;34m─[38;2;38;38;38m─[38;2;41;41;41m─[38;2;45;45;45m─[38;2;48;48;48m─[38;2;52;52;52m╯[m
sync hooks: ✔️(commit-msg, pre-commit)
│  tsc (skip) name
│  eslint (skip) name
│  prettier (skip) name
┃  prod-readiness-quick ❯ 

┃  banned-cast-tokens ❯ 
R75 --cached; policy=:.github/r75-policy.json
Counts are whole-file after (+) and before (-); net is the per-class change.
OK — no positive token change

[38;2;56;56;56m  ────────────────────────────────────[m
summary: (done in 0.23 seconds)
✔️ prod-readiness-quick (0.02 seconds)
✔️ banned-cast-tokens (0.20 seconds)
[38;2;0;0;0m╭[38;2;5;5;5m─[38;2;11;11;11m─[38;2;16;16;16m─[38;2;19;19;19m─[38;2;23;23;23m─[38;2;26;26;26m─[38;2;29;29;29m─[38;2;32;32;32m─[38;2;35;35;35m─[38;2;39;39;39m─[38;2;42;42;42m─[38;2;45;45;45m─[38;2;49;49;49m─[38;2;52;52;52m─[38;2;56;56;56m─[38;2;56;56;56m─[38;2;52;52;52m─[38;2;49;49;49m─[38;2;45;45;45m─[38;2;42;42;42m─[38;2;39;39;39m─[38;2;35;35;35m─[38;2;32;32;32m─[38;2;29;29;29m─[38;2;26;26;26m─[38;2;23;23;23m─[38;2;19;19;19m─[38;2;16;16;16m─[38;2;11;11;11m─[38;2;5;5;5m─[38;2;0;0;0m─[38;2;0;0;0m─[38;2;6;6;6m─[38;2;12;12;12m─[38;2;17;17;17m─[38;2;20;20;20m─[38;2;24;24;24m─[38;2;27;27;27m─[38;2;31;31;31m─[38;2;34;34;34m─[38;2;38;38;38m─[38;2;41;41;41m╮[m
[38;2;0;0;0m│[m 🥊 lefthook  v2.1.9   hook:  [1mcommit-msg[m [38;2;52;52;52m│[m
[38;2;6;6;6m╰[38;2;12;12;12m─[38;2;17;17;17m─[38;2;20;20;20m─[38;2;24;24;24m─[38;2;27;27;27m─[38;2;31;31;31m─[38;2;34;34;34m─[38;2;38;38;38m─[38;2;41;41;41m─[38;2;45;45;45m─[38;2;48;48;48m─[38;2;52;52;52m─[38;2;56;56;56m─[38;2;56;56;56m─[38;2;52;52;52m─[38;2;48;48;48m─[38;2;45;45;45m─[38;2;41;41;41m─[38;2;38;38;38m─[38;2;34;34;34m─[38;2;31;31;31m─[38;2;27;27;27m─[38;2;24;24;24m─[38;2;20;20;20m─[38;2;17;17;17m─[38;2;12;12;12m─[38;2;6;6;6m─[38;2;0;0;0m─[38;2;0;0;0m─[38;2;6;6;6m─[38;2;12;12;12m─[38;2;17;17;17m─[38;2;20;20;20m─[38;2;24;24;24m─[38;2;27;27;27m─[38;2;31;31;31m─[38;2;34;34;34m─[38;2;38;38;38m─[38;2;41;41;41m─[38;2;45;45;45m─[38;2;48;48;48m─[38;2;52;52;52m╯[m
┃  no-ai-tokens ❯ 

[38;2;56;56;56m  ────────────────────────────────────[m
summary: (done in 0.01 seconds)
✔️ no-ai-tokens (0.01 seconds)
[prod-ci-1 c7a5fe8] ci: silence intended SC2016 in release.sh and reverse staged downs in chain order
 2 files changed, 61 insertions(+), 12 deletions(-)
